{
 "cells": [
  {
   "cell_type": "markdown",
   "id": "838853bf-3129-40fe-9dc9-bae36cc6c212",
   "metadata": {
    "deletable": false,
    "editable": false,
    "slideshow": {
     "slide_type": ""
    },
    "tags": []
   },
   "source": [
    "# <center>Fuzzy Clustering</center>\n",
    "## <center>Inclass Project 1 - MA4144</center>\n",
    "\n",
    "This project contains 9 tasks/questions to be completed, some require written answers. Open markdow cell below the respective question that require written answers and provide (type) your answers. Questions that required written answers are given in blue fonts. Almost all written questions are open ended, they do not have a correct or wrong answer. You are free to give your opinions, but please provide related answers within the context.\n",
    "\n",
    "After finishing project run the entire notebook once and **save the notebook as a pdf** (File menu -> Save and Export Notebook As -> PDF). You are **required to upload this PDF on moodle**."
   ]
  },
  {
   "cell_type": "markdown",
   "id": "0b093dca-8f94-48a3-a27c-be7eac12798a",
   "metadata": {
    "deletable": false,
    "editable": false
   },
   "source": [
    "Use this cell to use any include any imports"
   ]
  },
  {
   "cell_type": "code",
   "execution_count": 1,
   "id": "525ae013-5a23-455f-a8bb-ea48d970378a",
   "metadata": {},
   "outputs": [],
   "source": [
    "import pandas as pd\n",
    "import numpy as np\n",
    "import matplotlib.pyplot as plt"
   ]
  },
  {
   "cell_type": "markdown",
   "id": "748e844d-c3ec-4a26-b418-8ce00346bb8a",
   "metadata": {
    "deletable": false,
    "editable": false,
    "slideshow": {
     "slide_type": ""
    },
    "tags": []
   },
   "source": [
    "**Q1.** In the following cell load the data (in the file SMDataRefined.csv) to a pandas dataframe, and display the data. Then get the data into a numpy matrix $X$, each row corresponding to a datapoint and each column to a feature, in our case whether a certain token exists ($1$) or not ($0$). Let us denote the number of rows of $X$ by $N$ and the number of columns by $M$.\n",
    "\n",
    "**About the dataset**: Each row in the dataset refers to a social media post. The first column refers to the number of likes received by each post (standardized between to the interval $[0, 1]$), the columns after that will denote the presence of a certain word (token) in the text of the post. For example, a $1$ in the column \"TextToken_life\" denotes that the particular post contained the word \"life\" in it and $0$ otherwise. These will be the features of our dataset. Our aim is to cluster these social media posts based on number of likes and words contained in it."
   ]
  },
  {
   "cell_type": "code",
   "execution_count": 13,
   "id": "74032883-8174-47a9-95d6-685d2ddad855",
   "metadata": {},
   "outputs": [
    {
     "name": "stdout",
     "output_type": "stream",
     "text": [
      "DataFrame head:\n",
      "      Likes  TextToken_life  TextToken_joy  TextToken_night  TextToken_heart  \\\n",
      "0  0.285714               0              0                0                0   \n",
      "1  0.000000               0              0                0                0   \n",
      "2  0.428571               0              0                0                0   \n",
      "3  0.071429               0              0                0                0   \n",
      "4  0.214286               0              0                0                0   \n",
      "\n",
      "   TextToken_laughter  TextToken_dreams  TextToken_feeling  TextToken_day  \\\n",
      "0                   0                 0                  0              1   \n",
      "1                   0                 0                  0              0   \n",
      "2                   0                 0                  0              0   \n",
      "3                   0                 0                  0              0   \n",
      "4                   0                 0                  0              0   \n",
      "\n",
      "   TextToken_like  TextToken_new  \n",
      "0               0              0  \n",
      "1               0              0  \n",
      "2               0              0  \n",
      "3               0              0  \n",
      "4               0              1  \n",
      "\n",
      "Shape of X (N x M): (732, 10)\n",
      "Number of rows (N): 732\n",
      "Number of columns (M): 10\n"
     ]
    }
   ],
   "source": [
    "\n",
    "# Step 1: Load the data\n",
    "file_path = 'SMDataRefined.csv'  # Update this path if the file is located elsewhere\n",
    "df = pd.read_csv(file_path)\n",
    "\n",
    "# Display the first few rows of the DataFrame\n",
    "print(\"DataFrame head:\")\n",
    "print(df.head())\n",
    "\n",
    "# Step 2: Extract features into NumPy matrix X\n",
    "# Assuming the first column is 'Likes' and the rest are the token features\n",
    "X = df.iloc[:, 1:].values\n",
    "\n",
    "# Number of rows (N) and columns (M)\n",
    "N, M = X.shape\n",
    "\n",
    "print(\"\\nShape of X (N x M):\", X.shape)\n",
    "print(\"Number of rows (N):\", N)\n",
    "print(\"Number of columns (M):\", M)"
   ]
  },
  {
   "cell_type": "markdown",
   "id": "efefe30c-166f-435c-a4ae-8dbac00392c1",
   "metadata": {
    "deletable": false,
    "editable": false
   },
   "source": [
    "**Q2.** In the following cell create a new function named $\\textrm{initMu}$, that takes in two parameters $\\textrm{npoints}$ and $\\textrm{nclusters}$ and outputs the membership matrix for $\\textrm{npoints}$ number of data points and $\\textrm{nclusters}$ number of clusters. Recall from the lecture that the membership matrix $U$ of dimension $N \\times c$ has the following properties.\n",
    "\n",
    "1. $0 \\leq u_{ij} \\leq 1$\n",
    "2. $\\sum\\limits_{j = 1}^{c}u_{ij} = 1$ for all $i = 1,2, \\cdots, N$\n",
    "\n",
    "You can do a random initialization. Here $\\textrm{npoints} = N$ and $\\textrm{nclusters} = c$."
   ]
  },
  {
   "cell_type": "code",
   "execution_count": 14,
   "id": "a9a7c529-f4bf-4ae2-8a64-bc203af937fb",
   "metadata": {},
   "outputs": [
    {
     "name": "stdout",
     "output_type": "stream",
     "text": [
      "Initialized membership matrix U:\n",
      "[[1.07852261e-01 2.01008281e-01 1.16102616e-01 2.92740444e-01\n",
      "  2.82296397e-01]\n",
      " [2.12243009e-01 2.53041894e-01 2.32048066e-01 9.01282263e-02\n",
      "  2.12538805e-01]\n",
      " [1.07207391e-01 4.08823110e-01 2.98957993e-01 1.83239764e-01\n",
      "  1.77174238e-03]\n",
      " [2.06990149e-01 2.24932463e-01 1.79842028e-03 3.36221944e-01\n",
      "  2.30057023e-01]\n",
      " [1.37518002e-01 9.39936122e-02 4.34259394e-01 1.45073961e-01\n",
      "  1.89155031e-01]\n",
      " [1.82091200e-01 2.56183497e-01 1.24433009e-01 2.66988789e-01\n",
      "  1.70303504e-01]\n",
      " [1.60610375e-01 2.20495564e-01 1.31865071e-01 2.44390634e-01\n",
      "  2.42638357e-01]\n",
      " [3.04924667e-01 1.49459347e-01 1.39397010e-02 3.65378711e-01\n",
      "  1.66297574e-01]\n",
      " [2.75988511e-01 1.97812119e-01 7.85009695e-02 1.66029687e-01\n",
      "  2.81668713e-01]\n",
      " [9.04463148e-02 2.16962100e-01 6.53986061e-02 6.09907441e-01\n",
      "  1.72855384e-02]\n",
      " [7.29419653e-02 1.38510602e-01 4.62935151e-01 9.53471353e-02\n",
      "  2.30265146e-01]\n",
      " [1.14547510e-01 2.05548495e-01 3.29942110e-01 3.31461889e-01\n",
      "  1.84999954e-02]\n",
      " [1.83705544e-01 2.74783170e-01 2.40621776e-01 6.51781701e-02\n",
      "  2.35711339e-01]\n",
      " [1.04676046e-01 4.97605397e-01 4.94486594e-03 4.99582071e-02\n",
      "  3.42815484e-01]\n",
      " [1.45324367e-01 3.66931690e-02 3.74267264e-01 3.40694147e-01\n",
      "  1.03021054e-01]\n",
      " [1.87138735e-01 1.89734617e-01 2.01059881e-01 3.82534849e-01\n",
      "  3.95319181e-02]\n",
      " [3.10801374e-02 3.79154865e-01 3.59207800e-01 1.84411537e-01\n",
      "  4.61456609e-02]\n",
      " [6.94336124e-02 4.80341488e-01 2.24074286e-01 2.13831052e-01\n",
      "  1.23195613e-02]\n",
      " [1.15397160e-01 2.03727954e-01 1.92565815e-01 2.81444241e-01\n",
      "  2.06864829e-01]\n",
      " [1.28066836e-01 1.24959753e-01 3.29299039e-01 3.06571953e-01\n",
      "  1.11102418e-01]\n",
      " [3.11587475e-01 2.45095646e-01 1.74428227e-01 2.31689406e-01\n",
      "  3.71992469e-02]\n",
      " [2.10788707e-01 9.38394770e-03 2.81595305e-01 2.15994868e-01\n",
      "  2.82237171e-01]\n",
      " [3.27687956e-04 2.54324701e-01 2.60047308e-01 2.16090086e-01\n",
      "  2.69210217e-01]\n",
      " [1.06732498e-01 2.54895947e-01 2.31560189e-01 2.16492811e-01\n",
      "  1.90318554e-01]\n",
      " [2.66619388e-01 4.66038177e-01 2.38167598e-01 7.53767320e-03\n",
      "  2.16371633e-02]\n",
      " [1.10538585e-01 3.93594916e-01 1.70579796e-01 2.83068632e-01\n",
      "  4.22180697e-02]\n",
      " [2.43730499e-01 2.36710314e-01 2.40007100e-01 8.88556880e-02\n",
      "  1.90696399e-01]\n",
      " [2.65312290e-01 1.87478521e-01 4.37548827e-02 2.62143723e-01\n",
      "  2.41310583e-01]\n",
      " [7.47784517e-02 1.63273143e-01 4.45797688e-02 4.06124213e-01\n",
      "  3.11244424e-01]\n",
      " [6.91057277e-02 3.29213774e-01 2.07864729e-01 1.63478228e-01\n",
      "  2.30337542e-01]\n",
      " [1.53807579e-01 3.33668232e-01 7.98649780e-02 1.21408737e-01\n",
      "  3.11250475e-01]\n",
      " [4.50648736e-02 3.93756762e-01 1.82834280e-01 1.07736774e-01\n",
      "  2.70607310e-01]\n",
      " [2.67558822e-01 2.18173997e-01 2.07434402e-01 6.09392642e-02\n",
      "  2.45893516e-01]\n",
      " [2.74936245e-01 1.71298167e-01 9.24274250e-02 2.25930340e-01\n",
      "  2.35407823e-01]\n",
      " [1.64624388e-01 1.64754538e-01 3.71291751e-01 2.86286646e-01\n",
      "  1.30426767e-02]\n",
      " [1.56754614e-01 3.45545987e-02 3.60120444e-01 2.11686975e-01\n",
      "  2.36883368e-01]\n",
      " [1.11157108e-01 2.03645694e-01 1.74406017e-01 2.36269935e-01\n",
      "  2.74521245e-01]\n",
      " [1.77227807e-01 3.92474621e-01 2.85289123e-02 3.00479079e-01\n",
      "  1.01289580e-01]\n",
      " [1.65154755e-01 2.36923111e-01 2.28816389e-01 2.21107028e-01\n",
      "  1.47998718e-01]\n",
      " [8.26381024e-02 8.75547072e-02 2.28066377e-01 1.86473631e-01\n",
      "  4.15267182e-01]\n",
      " [1.05029491e-01 2.75715084e-02 2.53781752e-01 3.40559017e-01\n",
      "  2.73058232e-01]\n",
      " [1.23505766e-01 1.82780006e-02 2.03433227e-01 4.38815561e-01\n",
      "  2.15967445e-01]\n",
      " [1.09040902e-01 3.58997320e-01 2.96419027e-01 2.34515211e-01\n",
      "  1.02754131e-03]\n",
      " [5.00262980e-01 3.61883045e-01 1.20549536e-01 1.32935934e-02\n",
      "  4.01084563e-03]\n",
      " [2.68112634e-01 2.00390891e-01 2.03858577e-01 1.72322746e-01\n",
      "  1.55315150e-01]\n",
      " [1.65597039e-01 2.18162633e-01 2.37750502e-01 1.35595236e-01\n",
      "  2.42894589e-01]\n",
      " [3.87678505e-01 7.21814000e-02 1.97853992e-01 6.90460195e-02\n",
      "  2.73240084e-01]\n",
      " [2.41829125e-01 1.45425696e-01 2.87281215e-01 2.68226990e-01\n",
      "  5.72369739e-02]\n",
      " [1.80029668e-01 6.90318837e-02 2.83188673e-01 3.73206436e-01\n",
      "  9.45433401e-02]\n",
      " [2.36798426e-01 2.80894812e-01 6.18202297e-02 1.34529557e-01\n",
      "  2.85956975e-01]\n",
      " [3.07738677e-01 3.96416845e-01 2.57301826e-01 1.19494114e-02\n",
      "  2.65932404e-02]\n",
      " [4.34815600e-02 2.80859711e-01 4.10101752e-01 1.75277761e-02\n",
      "  2.48029201e-01]\n",
      " [2.34010865e-01 1.89696252e-01 1.54887251e-01 1.67057130e-01\n",
      "  2.54348502e-01]\n",
      " [1.89796668e-01 1.39215738e-01 2.31999721e-01 1.17891488e-01\n",
      "  3.21096385e-01]\n",
      " [3.31376630e-01 5.95106692e-02 2.59890664e-01 1.29430505e-02\n",
      "  3.36278986e-01]\n",
      " [3.60512353e-01 2.17679665e-01 5.44867578e-02 2.65192349e-01\n",
      "  1.02128875e-01]\n",
      " [2.53015278e-01 2.78231596e-01 4.26142788e-02 1.91282504e-01\n",
      "  2.34856343e-01]\n",
      " [1.14641070e-01 9.08584323e-02 2.88316457e-01 3.43862840e-01\n",
      "  1.62321201e-01]\n",
      " [2.28210267e-01 1.89089488e-01 2.60626546e-01 6.56954439e-02\n",
      "  2.56378255e-01]\n",
      " [1.49784185e-01 1.67695075e-01 5.49963873e-01 2.58705017e-02\n",
      "  1.06686365e-01]\n",
      " [2.08955180e-01 1.50834617e-01 9.71212055e-02 2.74616552e-01\n",
      "  2.68472445e-01]\n",
      " [2.96727424e-01 2.70513371e-01 3.07101860e-01 1.11730040e-01\n",
      "  1.39273039e-02]\n",
      " [2.12305324e-01 3.24311965e-01 1.12383721e-01 5.55249953e-02\n",
      "  2.95473995e-01]\n",
      " [2.59563584e-01 2.12391086e-01 8.66874970e-02 2.47304329e-01\n",
      "  1.94053504e-01]\n",
      " [2.06884171e-01 1.18153229e-01 2.56977207e-01 8.70237471e-02\n",
      "  3.30961646e-01]\n",
      " [2.89720535e-01 2.03861410e-01 2.24185533e-01 5.08637555e-02\n",
      "  2.31368767e-01]\n",
      " [2.18249487e-01 3.83451593e-02 1.69580353e-01 3.20095481e-01\n",
      "  2.53729520e-01]\n",
      " [9.08099941e-02 2.93059319e-01 1.70139620e-01 2.80077316e-01\n",
      "  1.65913750e-01]\n",
      " [2.73315560e-01 2.47680286e-02 5.03772484e-02 2.97406474e-01\n",
      "  3.54132688e-01]\n",
      " [8.61794478e-02 3.40425641e-01 2.61766391e-01 8.40530934e-02\n",
      "  2.27575427e-01]\n",
      " [1.27730498e-01 2.73494429e-01 2.19776008e-01 2.84461931e-01\n",
      "  9.45371351e-02]\n",
      " [2.68966702e-01 2.86480352e-01 4.74676023e-02 1.47972913e-01\n",
      "  2.49112431e-01]\n",
      " [1.24059723e-01 8.65737523e-02 2.60846339e-01 3.48781398e-01\n",
      "  1.79738788e-01]\n",
      " [1.50711768e-01 1.50520626e-01 3.05127792e-01 2.71160585e-01\n",
      "  1.22479230e-01]\n",
      " [3.03121932e-01 2.77304274e-01 2.18006507e-01 1.37092950e-01\n",
      "  6.44743375e-02]\n",
      " [2.52206272e-01 2.85933679e-01 2.29113133e-01 1.87976385e-01\n",
      "  4.47705313e-02]\n",
      " [2.42924700e-01 1.52179238e-01 2.64403619e-01 4.17350622e-02\n",
      "  2.98757381e-01]\n",
      " [2.36124455e-01 3.47794281e-02 1.34653025e-01 4.33877866e-01\n",
      "  1.60565226e-01]\n",
      " [3.19300549e-01 1.46182260e-01 1.20813022e-01 2.59952132e-01\n",
      "  1.53752036e-01]\n",
      " [3.40459547e-02 3.73428129e-01 3.56136928e-01 2.32026242e-01\n",
      "  4.36274672e-03]\n",
      " [5.45387865e-02 2.84775259e-01 2.36325616e-01 2.79997181e-01\n",
      "  1.44363158e-01]\n",
      " [3.26933212e-01 2.25873101e-01 2.14951229e-01 2.15590989e-01\n",
      "  1.66514685e-02]\n",
      " [3.12094197e-02 4.34572593e-01 3.55880745e-01 1.17895150e-01\n",
      "  6.04420920e-02]\n",
      " [1.39103712e-02 1.63912099e-01 2.00903666e-01 3.06824364e-01\n",
      "  3.14449500e-01]\n",
      " [1.41102496e-01 3.58623366e-01 2.10271732e-01 2.21179675e-01\n",
      "  6.88227315e-02]\n",
      " [9.28651260e-02 1.95872001e-01 9.96198775e-02 1.78972457e-01\n",
      "  4.32670538e-01]\n",
      " [3.55703978e-01 3.25688102e-01 1.32555998e-02 2.86182808e-01\n",
      "  1.91695129e-02]\n",
      " [3.07299107e-01 2.41434355e-01 7.12440867e-02 1.50908418e-01\n",
      "  2.29114033e-01]\n",
      " [2.99454869e-01 8.16050578e-02 4.77629626e-02 3.31999587e-01\n",
      "  2.39177523e-01]\n",
      " [4.76140925e-01 1.26268444e-01 6.99289984e-02 1.90353799e-01\n",
      "  1.37307834e-01]\n",
      " [4.26217668e-02 3.77557332e-01 1.47168337e-01 2.63756495e-01\n",
      "  1.68896070e-01]\n",
      " [3.25385859e-01 1.59024028e-01 3.10785221e-01 1.55475717e-02\n",
      "  1.89257319e-01]\n",
      " [2.92962068e-01 2.11030877e-01 1.94252707e-01 1.72638714e-01\n",
      "  1.29115633e-01]\n",
      " [3.94597472e-01 2.76454579e-01 2.64810282e-01 5.30317964e-02\n",
      "  1.11058709e-02]\n",
      " [3.43309360e-01 1.55812087e-01 2.54959694e-01 1.70363241e-01\n",
      "  7.55556188e-02]\n",
      " [5.01195402e-01 6.61422950e-02 2.59569115e-01 4.94619983e-02\n",
      "  1.23631191e-01]\n",
      " [2.58169871e-01 1.98279686e-01 2.07184721e-01 3.13472890e-01\n",
      "  2.28928318e-02]\n",
      " [2.88414661e-01 2.07579612e-01 2.04290023e-01 9.62890215e-03\n",
      "  2.90086801e-01]\n",
      " [1.71242444e-02 1.13489292e-01 5.48274143e-01 7.75540098e-02\n",
      "  2.43558310e-01]\n",
      " [2.85907633e-01 2.11763884e-01 2.74783857e-01 7.25428985e-02\n",
      "  1.55001727e-01]]\n",
      "\n",
      "Sum of memberships for each point (should be 1):\n",
      "[1. 1. 1. 1. 1. 1. 1. 1. 1. 1. 1. 1. 1. 1. 1. 1. 1. 1. 1. 1. 1. 1. 1. 1.\n",
      " 1. 1. 1. 1. 1. 1. 1. 1. 1. 1. 1. 1. 1. 1. 1. 1. 1. 1. 1. 1. 1. 1. 1. 1.\n",
      " 1. 1. 1. 1. 1. 1. 1. 1. 1. 1. 1. 1. 1. 1. 1. 1. 1. 1. 1. 1. 1. 1. 1. 1.\n",
      " 1. 1. 1. 1. 1. 1. 1. 1. 1. 1. 1. 1. 1. 1. 1. 1. 1. 1. 1. 1. 1. 1. 1. 1.\n",
      " 1. 1. 1. 1.]\n"
     ]
    }
   ],
   "source": [
    "def initMu(npoints, nclusters):\n",
    "    # Step 1: Randomly initialize the membership matrix U with values between 0 and 1\n",
    "    U = np.random.rand(npoints, nclusters)\n",
    "    \n",
    "    # Step 2: Normalize the matrix so that the sum of memberships for each point equals 1\n",
    "    U = U / U.sum(axis=1, keepdims=True)\n",
    "    \n",
    "    return U\n",
    "\n",
    "# Example usage:\n",
    "N = 100  # Number of data points\n",
    "c = 5    # Number of clusters\n",
    "\n",
    "U = initMu(N, c)\n",
    "print(\"Initialized membership matrix U:\")\n",
    "print(U)\n",
    "\n",
    "# Check the sum of memberships for each point\n",
    "print(\"\\nSum of memberships for each point (should be 1):\")\n",
    "print(U.sum(axis=1))"
   ]
  },
  {
   "cell_type": "markdown",
   "id": "c1092e04-d846-4ea1-9ebc-44a369a5b3c5",
   "metadata": {
    "deletable": false,
    "editable": false
   },
   "source": [
    "**Q3.** In the following cell create a function named $\\textrm{calculateCenters}$ that computes and returns centers $v_j$, $j = 1, 2, \\cdots, c$ (as $c \\times M$ matrix) given the data matrix $X$ and the membership matrix $U$. Recall the following update formula for $v_j$ from the lectures.\n",
    "\n",
    "$v_j = \\frac{\\sum\\limits_{i = 1}^N {\\left( \\frac{u_{ij}}{u_{max}} \\right)}^{m_1} x_i}{\\sum\\limits_{i = 1}^N {\\left( \\frac{u_{ij}}{u_{max}} \\right)}^{m_1}}$\n",
    "\n",
    "Here $u_{max} = max \\left(u_{1j}, u_{2j}, \\cdots, u_{Nj} \\right)$ and $m_1 \\in [1, \\infty)$ is a hyperparameter we discussed in class, and will be passed in as a parameter to the function.\n",
    "\n",
    "The most efficient way to do this computation is by matrix multiplications. Try to find the appropriate matrix multiplication. You may need to transpose certain matrices."
   ]
  },
  {
   "cell_type": "code",
   "execution_count": 4,
   "id": "71f299a8-4c56-4cf3-a0de-f9e2786c9ec1",
   "metadata": {},
   "outputs": [
    {
     "name": "stdout",
     "output_type": "stream",
     "text": [
      "Calculated cluster centers:\n",
      "[[0.49745896 0.49776792 0.5032573  0.47550455 0.43222364 0.52264515\n",
      "  0.51660067 0.53294337 0.61217427 0.44949463]\n",
      " [0.52749178 0.58593701 0.52869507 0.4426169  0.45781045 0.49447872\n",
      "  0.54490565 0.52005092 0.56989404 0.52462573]\n",
      " [0.49888429 0.56888251 0.54098528 0.49802839 0.4932998  0.47444426\n",
      "  0.48167337 0.52643998 0.49847264 0.53439444]\n",
      " [0.51857192 0.54602945 0.53506678 0.49036813 0.48756865 0.4700533\n",
      "  0.55659899 0.51282151 0.53962826 0.46090983]\n",
      " [0.53220824 0.54593619 0.52288267 0.56044259 0.49846912 0.49174458\n",
      "  0.43330044 0.49115264 0.55692049 0.54300854]]\n"
     ]
    }
   ],
   "source": [
    "def calculateCenters(X, U, m1):\n",
    "    N, M = X.shape\n",
    "    c = U.shape[1]\n",
    "    \n",
    "    # Step 1: Find the maximum membership value u_max for each cluster j\n",
    "    u_max = np.max(U, axis=0)\n",
    "    \n",
    "    # Step 2: Calculate the weighted membership matrix (U / u_max)^m1\n",
    "    weighted_U = (U / u_max) ** m1\n",
    "    \n",
    "    # Step 3: Compute the numerator: sum_i(weighted_U_ij * x_i) for each cluster j\n",
    "    numerator = weighted_U.T @ X\n",
    "    \n",
    "    # Step 4: Compute the denominator: sum_i(weighted_U_ij) for each cluster j\n",
    "    denominator = np.sum(weighted_U, axis=0).reshape(-1, 1)\n",
    "    \n",
    "    # Step 5: Calculate the cluster centers v_j\n",
    "    centers = numerator / denominator\n",
    "    \n",
    "    return centers\n",
    "\n",
    "# Example usage:\n",
    "# Assume X is the data matrix with shape (N, M)\n",
    "# Assume U is the membership matrix with shape (N, c)\n",
    "# m1 is the hyperparameter\n",
    "\n",
    "N = 100  # Example number of data points\n",
    "M = 10   # Example number of features\n",
    "c = 5    # Example number of clusters\n",
    "m1 = 2.0 # Example value for m1\n",
    "\n",
    "X = np.random.rand(N, M)  # Example data matrix\n",
    "U = initMu(N, c)          # Example membership matrix using the initMu function\n",
    "\n",
    "centers = calculateCenters(X, U, m1)\n",
    "print(\"Calculated cluster centers:\")\n",
    "print(centers)"
   ]
  },
  {
   "cell_type": "markdown",
   "id": "0a98c661-89c7-485d-a790-90d316ed1309",
   "metadata": {
    "deletable": false,
    "editable": false
   },
   "source": [
    "**Q4.** In the following cell create a function named $\\textrm{updateMu}$ that updates the membership matrix $U$ given the data matrix $X$ and the $\\textrm{centers}$. Recall the following update formula for $u_{ij}$ from the lectures.\n",
    "\n",
    "$u_{ij} = {\\left[ \\sum\\limits_{l = 1}^c { \\left( \\frac{d_{ij}}{d_{il}} \\right)}^{\\frac{2}{m_2 - 1}} \\right]}^{-1}$\n",
    "where $d_{ij}$ is the distance between the $i$th data point and the $j$th cluster center. $m_2 \\in (1, \\infty)$ is another hyperparameter that is passed into the function.\n",
    "\n",
    "To compute distances sklearn.metrics.pairwise.pairwise_distances could be useful. For these computations, try to avoid for loops as much as possible and use the tools offered by numpy for matrix manipulations for example such as numpy.tile.\n",
    "\n",
    "The function should finally return the updated $U$ matrix."
   ]
  },
  {
   "cell_type": "code",
   "execution_count": 5,
   "id": "c7dadcdb-1267-4b66-858d-ef16caf7b309",
   "metadata": {},
   "outputs": [
    {
     "name": "stdout",
     "output_type": "stream",
     "text": [
      "Updated membership matrix U:\n",
      "[[0.12863317 0.13618584 0.28874589 0.22743826 0.21899684]\n",
      " [0.13591478 0.38009737 0.15381807 0.18093941 0.14923037]\n",
      " [0.09651194 0.40019118 0.21186355 0.18703144 0.10440189]\n",
      " [0.10338374 0.16714122 0.17444228 0.31092614 0.24410662]\n",
      " [0.1645245  0.16874601 0.23530302 0.20488161 0.22654486]\n",
      " [0.17375066 0.18909931 0.11980265 0.18003215 0.33731523]\n",
      " [0.15904127 0.33588345 0.14232206 0.17263737 0.19011584]\n",
      " [0.12305965 0.37763795 0.12529343 0.21827288 0.15573609]\n",
      " [0.12496792 0.18771151 0.14400142 0.21074046 0.33257869]\n",
      " [0.08462171 0.11509869 0.45380723 0.24881848 0.09765389]\n",
      " [0.09595718 0.35076413 0.14462197 0.26462851 0.1440282 ]\n",
      " [0.11615396 0.12783256 0.21038523 0.31339183 0.23223642]\n",
      " [0.10017497 0.18009545 0.13496797 0.24141322 0.34334839]\n",
      " [0.19136794 0.17706553 0.19368329 0.23973062 0.19815263]\n",
      " [0.10479901 0.2436887  0.32995732 0.19080501 0.13074996]\n",
      " [0.16514358 0.18841846 0.14957415 0.25030654 0.24655727]\n",
      " [0.11740663 0.35804665 0.13029185 0.21073291 0.18352195]\n",
      " [0.06591987 0.09591069 0.50922983 0.26110905 0.06783056]\n",
      " [0.22727865 0.20494953 0.09624733 0.29709027 0.17443422]\n",
      " [0.10570338 0.16192107 0.20302769 0.3388633  0.19048456]\n",
      " [0.10300333 0.19812885 0.23209932 0.26124463 0.20552387]\n",
      " [0.15887324 0.15238062 0.19913814 0.22731077 0.26229723]\n",
      " [0.08875023 0.22960397 0.16281526 0.30516285 0.2136677 ]\n",
      " [0.17219968 0.14635324 0.17720737 0.28782276 0.21641694]\n",
      " [0.1129911  0.14552211 0.28313694 0.26060641 0.19774343]\n",
      " [0.15485774 0.17198542 0.23485065 0.22954654 0.20875965]\n",
      " [0.16326401 0.26311887 0.17127798 0.20234657 0.19999257]\n",
      " [0.13817992 0.15239838 0.12487131 0.4329868  0.15156359]\n",
      " [0.27481904 0.19552782 0.18963875 0.2129624  0.12705198]\n",
      " [0.13932106 0.17100097 0.25428996 0.25147726 0.18391075]\n",
      " [0.13229676 0.19105093 0.10646158 0.20945277 0.36073796]\n",
      " [0.12136959 0.1874237  0.18128778 0.2847341  0.22518484]\n",
      " [0.10509157 0.16007177 0.2182694  0.22354943 0.29301782]\n",
      " [0.38919606 0.13408016 0.11486826 0.14256196 0.21929357]\n",
      " [0.13050454 0.186448   0.1718344  0.20320694 0.30800611]\n",
      " [0.16814296 0.25760954 0.17870548 0.22240806 0.17313396]\n",
      " [0.25318959 0.22243623 0.13084398 0.22323789 0.17029231]\n",
      " [0.108584   0.32065379 0.25032199 0.20017508 0.12026514]\n",
      " [0.13377039 0.25423043 0.1503005  0.21863131 0.24306737]\n",
      " [0.0885401  0.43948489 0.14676635 0.21834657 0.10686209]\n",
      " [0.22051506 0.1160845  0.13953537 0.2441833  0.27968177]\n",
      " [0.07149342 0.28361781 0.34254653 0.2208639  0.08147833]\n",
      " [0.10540825 0.24952662 0.18047704 0.24752356 0.21706453]\n",
      " [0.14809423 0.19940418 0.19870951 0.21115257 0.24263951]\n",
      " [0.08245871 0.41138182 0.16851185 0.18883285 0.14881477]\n",
      " [0.1576218  0.28130756 0.14128599 0.23117067 0.18861397]\n",
      " [0.15283724 0.23254117 0.15718429 0.29671343 0.16072386]\n",
      " [0.12780073 0.21207725 0.28892247 0.19564668 0.17555287]\n",
      " [0.10874531 0.22060848 0.24822716 0.27389876 0.14852029]\n",
      " [0.07091251 0.58864068 0.09546845 0.12531015 0.11966821]\n",
      " [0.08241979 0.19240844 0.17905647 0.40893466 0.13718064]\n",
      " [0.11131921 0.16879049 0.45135146 0.17554635 0.09299249]\n",
      " [0.13707618 0.26166823 0.19704776 0.21342057 0.19078727]\n",
      " [0.12773338 0.24471509 0.21383959 0.26413715 0.14957478]\n",
      " [0.16802889 0.17350696 0.22909008 0.25586252 0.17351155]\n",
      " [0.11354974 0.41369253 0.14519351 0.21463088 0.11293335]\n",
      " [0.12005778 0.15620393 0.2004471  0.38681738 0.13647381]\n",
      " [0.13172886 0.10783315 0.16260545 0.44923192 0.14860062]\n",
      " [0.11570635 0.14446661 0.28140709 0.29411013 0.16430983]\n",
      " [0.19391709 0.11918279 0.12727926 0.26561836 0.2940025 ]\n",
      " [0.2868172  0.11970857 0.14917481 0.20167625 0.24262318]\n",
      " [0.09409263 0.20544093 0.31367577 0.2632993  0.12349137]\n",
      " [0.09425002 0.17235227 0.36245218 0.2417679  0.12917762]\n",
      " [0.10329908 0.19677191 0.30850428 0.22011921 0.17130552]\n",
      " [0.20571339 0.2060287  0.16561124 0.1984429  0.22420378]\n",
      " [0.18140098 0.15683693 0.1429486  0.28001219 0.2388013 ]\n",
      " [0.16931311 0.37244875 0.1039629  0.17268881 0.18158642]\n",
      " [0.16380083 0.35149538 0.15865937 0.16901552 0.1570289 ]\n",
      " [0.11621335 0.28074345 0.13367934 0.28295963 0.18640423]\n",
      " [0.1709     0.2473898  0.16616203 0.19460327 0.2209449 ]\n",
      " [0.13130428 0.14819943 0.13263354 0.38711534 0.2007474 ]\n",
      " [0.11278974 0.10559868 0.41068995 0.2481961  0.12272553]\n",
      " [0.10665595 0.27640718 0.17230473 0.29034247 0.15428968]\n",
      " [0.13059775 0.16499412 0.13446159 0.35943992 0.21050662]\n",
      " [0.12336622 0.13796281 0.17352496 0.18304639 0.38209962]\n",
      " [0.10499259 0.13386118 0.18866929 0.3401448  0.23233214]\n",
      " [0.13973556 0.25808681 0.17094468 0.24677591 0.18445704]\n",
      " [0.11031712 0.14495433 0.1657945  0.42504881 0.15388524]\n",
      " [0.11261394 0.13531081 0.15222732 0.35919086 0.24065707]\n",
      " [0.14419793 0.1492249  0.23565598 0.27508334 0.19583785]\n",
      " [0.08818836 0.14976498 0.13725661 0.5264201  0.09836995]\n",
      " [0.08847506 0.19430013 0.15217934 0.46364242 0.10140305]\n",
      " [0.06977328 0.13278472 0.1638028  0.53329234 0.10034685]\n",
      " [0.24823853 0.16852122 0.1791496  0.2034246  0.20066605]\n",
      " [0.29453227 0.24304799 0.13689009 0.1876748  0.13785486]\n",
      " [0.15183572 0.19866186 0.20666658 0.22078189 0.22205395]\n",
      " [0.15259234 0.15513308 0.16448261 0.32745588 0.2003361 ]\n",
      " [0.13429222 0.21847707 0.24660472 0.23963545 0.16099054]\n",
      " [0.1831802  0.18722339 0.14593966 0.21781808 0.26583867]\n",
      " [0.13793104 0.15561809 0.21375033 0.18585922 0.30684131]\n",
      " [0.10954521 0.23616406 0.1313748  0.40230893 0.120607  ]\n",
      " [0.17801424 0.17028965 0.15569198 0.31384596 0.18215817]\n",
      " [0.08450459 0.20214434 0.32938243 0.23286548 0.15110315]\n",
      " [0.19737405 0.18254681 0.18853819 0.19235028 0.23919067]\n",
      " [0.10768321 0.334949   0.27166812 0.17691929 0.10878038]\n",
      " [0.0978405  0.16183021 0.26608227 0.33746068 0.13678634]\n",
      " [0.23675802 0.26311071 0.11562273 0.20119646 0.18331209]\n",
      " [0.15289739 0.1342734  0.24179158 0.24652802 0.22450962]\n",
      " [0.16839408 0.26358682 0.1539453  0.24021342 0.17386039]\n",
      " [0.19816407 0.20039331 0.21101245 0.22422536 0.16620481]]\n"
     ]
    }
   ],
   "source": [
    "from sklearn.metrics.pairwise import pairwise_distances\n",
    "\n",
    "def updateMu(X, centers, m2):\n",
    "    # Step 1: Compute the distance matrix D_ij (N x c)\n",
    "    D = pairwise_distances(X, centers)\n",
    "    \n",
    "    # Step 2: Update the membership matrix U using the provided formula\n",
    "    exponent = 2 / (m2 - 1)\n",
    "    \n",
    "    # Compute the ratio of distances raised to the power of the exponent\n",
    "    # Avoid loops by using numpy's broadcasting and tile function\n",
    "    D_ratio = D[:, :, np.newaxis] / D[:, np.newaxis, :]\n",
    "    D_ratio_powered = D_ratio ** exponent\n",
    "    \n",
    "    # Sum over all clusters for each data point\n",
    "    U = 1 / np.sum(D_ratio_powered, axis=2)\n",
    "    \n",
    "    return U\n",
    "\n",
    "# Example usage:\n",
    "# Assume X is the data matrix with shape (N, M)\n",
    "# Assume centers is the matrix of cluster centers with shape (c, M)\n",
    "# m2 is the hyperparameter\n",
    "\n",
    "N = 100  # Example number of data points\n",
    "M = 10   # Example number of features\n",
    "c = 5    # Example number of clusters\n",
    "m2 = 2.0 # Example value for m2\n",
    "\n",
    "X = np.random.rand(N, M)          # Example data matrix\n",
    "centers = np.random.rand(c, M)    # Example cluster centers\n",
    "\n",
    "U_updated = updateMu(X, centers, m2)\n",
    "print(\"Updated membership matrix U:\")\n",
    "print(U_updated)"
   ]
  },
  {
   "cell_type": "markdown",
   "id": "cb3457f2-2d2d-4d01-b532-4bf2650d9536",
   "metadata": {
    "deletable": false,
    "editable": false
   },
   "source": [
    "**Q5.** Use following cell to create a function called $\\textrm{fuzzyClustering}$ that takes in a data matrix $X$ the number of clusters $\\textrm{nclusters}$, $m_1$, $m_2$ hyperparameters and then returns a membership matrix $U$ and nclusters number of centers for each cluster as a matrix whose rows will correspond to the centers. Recall that the fuzzy clustering algorithm,\n",
    "\n",
    "1. Initialize the membership matrix $U$\n",
    "Repeat the following steps while max iterations (maxIter) reached or change in norm of $U$ is greater than a specified tolerance (tol).\n",
    "2. Compute cluster centers\n",
    "3. Update membership matrix\n",
    "\n",
    "The function you create should be able to compute the norm between the $U$ matrices from consecutive iterations and plot a graph depicting the variation of the change in norm of $U$ against the number of iterations. "
   ]
  },
  {
   "cell_type": "code",
   "execution_count": 15,
   "id": "ca0b707a-4b0e-45ac-974b-958bf6345aef",
   "metadata": {},
   "outputs": [
    {
     "name": "stdout",
     "output_type": "stream",
     "text": [
      "Converged at iteration 16\n"
     ]
    },
    {
     "data": {
